laplace200
0 200
0.710992
-0.100858
-0.272241
0.275065
-1.02466
0.551415
1.36579
-0.856022
-1.68375
0.0554146
0.0668937
-0.99958
-0.917952
2.94967
0.007933
-0.117939
-0.249338
0.0103148
0.198248
1.07966
-0.745158
0.884251
1.54608
-1.07747
0.0205961
-0.432102
-0.566143
0.301068
0.0374512
-1.20609
-2.32917
-0.125464
-0.722346
2.63374
0.311007
-0.167769
-0.62319
-0.102638
-0.759792
-1.73996
-2.12818
1.62616
0.00133825
0.327235
0.242938
-0.321591
-0.530136
0.577262
0.145789
0.23599
0.358599
-1.12974
2.04827
-0.132179
-1.23263
0.221187
-1.05506
2.09441
-1.98463
-1.47516
-1.30017
-0.656044
-0.346947
0.275515
-0.210526
-0.192935
-2.06824
0.839057
1.97955
0.630095
-0.825946
-0.615404
-0.317266
0.0759348
-0.264654
1.14421
-0.154935
1.89179
-1.33173
0.319818
3.05462
-2.13338
-0.140479
0.727354
-1.8599
0.512317
2.31258
-0.0734115
0.892049
1.29841
1.44695
0.13336
-0.286283
-1.65171
-3.01308
1.4404
-0.983131
0.485657
-0.445912
0.570159
0.163039
-1.03098
1.57008
0.10471
-0.26448
-0.0621724
1.13837
0.618628
0.616947
-0.61645
-0.301182
0.828376
2.75728
1.39137
1.13852
-1.56513
0.087244
-4.42313
0.249165
-0.043267
1.28417
0.0750694
-0.882417
-0.60738
0.672118
-0.225265
0.345735
2.66731
3.52253
0.657662
3.05248
-1.25156
0.57294
-0.746013
3.22605
0.358971
0.978225
0.546182
3.27118
-0.203515
-0.101734
-2.25246
-0.915531
0.164309
-0.410662
0.0446345
-0.0480528
1.62937
1.60273
1.507
0.160518
-0.593871
-0.389914
1.63835
1.66719
-0.585883
0.0246999
0.508873
1.12404
0.961831
0.0203721
-0.0943642
0.457816
0.072056
-0.399951
5.53252
2.02815
0.0567585
-1.09914
-0.952372
-1.26236
-0.872784
-0.033203
-0.591491
1.45257
-0.0925135
-0.0893519
2.7239
-0.590034
0.538736
0.769369
-2.47539
-3.72144
0.198316
2.78404
1.07808
0.401868
-0.0706975
-0.552986
1.32915
3.50578
0.0783695
-1.05564
-2.38662
-0.637394
0.699853
-0.832457
0.939507
-1.11954
-0.318548
