logis200
0 200
-0.435315
-0.556914
0.351132
0.577281
-0.165654
-0.8969
0.788216
-0.385354
-0.33469
-1.70027
0.39483
1.12161
0.825512
0.840113
-0.47967
3.26344
0.269805
0.910692
-3.11106
-2.81085
-0.0956943
-1.86805
1.03848
-3.15229
4.65721
1.23045
-0.695675
2.57822
1.18875
2.64259
0.0334551
-0.492925
1.47669
-0.0480729
3.9561
1.76035
1.07328
0.656054
0.555044
0.0284912
-1.72301
-0.728947
1.24161
-1.23801
0.147726
-0.774279
0.939421
-7.41597
-1.13268
0.12685
0.441092
-2.929
-3.43703
-1.14292
-0.754366
-0.713481
-1.43132
-0.134212
0.101077
0.833202
-0.436802
1.27011
-2.2376
0.287161
2.73007
-0.541619
0.710402
-2.95572
-1.59518
-1.86421
0.944841
1.93971
1.00171
-0.994838
-1.64035
-1.04958
1.05214
0.821779
-3.8981
2.47641
-0.298763
0.103202
3.69836
-1.0262
-0.42594
-1.32071
0.203864
-1.08061
1.07319
-1.47603
-1.85309
-3.44953
3.17145
0.319645
0.190557
0.593339
-0.439606
-0.729597
1.688
-0.00903285
5.83555
-0.458028
-0.709415
-2.23927
-2.67064
0.852293
-1.62181
-0.985969
-0.69243
-2.10979
1.1619
-2.72257
0.432043
-1.70201
-0.816377
-3.86447
1.60651
0.0873423
-1.09916
-1.30244
-2.04445
-0.816663
-0.110911
-0.57291
1.71335
-5.12456
4.28803
-0.607965
1.40313
-2.25816
-0.560057
0.8558
-3.73266
0.461949
-2.24644
0.725983
-2.94437
-2.74472
-1.69092
-0.527559
0.879696
-2.16025
1.01082
-0.507639
0.658295
1.1292
-1.8834
0.0472266
2.56426
0.749856
1.57625
-2.63534
0.230768
-0.967596
-2.19955
0.976057
-1.26326
-3.16364
-1.32624
2.71693
0.362306
-1.63358
2.26571
1.30544
-1.10592
0.372562
-0.448486
-2.09234
-0.125068
4.42983
0.236423
-1.9762
-3.42577
1.5416
0.548685
0.30186
-0.862117
0.0725365
-1.61454
-2.57194
1.88753
0.873775
1.59365
0.0461313
-1.92498
1.70088
0.911123
0.0692825
0.589177
1.8589
0.563615
-0.311015
5.75563
0.119101
0.448323
-2.36704
-0.321352
-0.361301
-1.47315
0.25153
