norm200
0 200
0.679911
0.285988
0.994803
-0.155351
-2.24604
-1.87763
-0.731836
-0.0122686
-2.1345
-0.315131
1.36001
-1.23791
0.186624
2.00075
0.402535
-0.155812
0.0461224
-0.860521
0.1751
-0.787239
0.247433
-1.23701
-1.0005
-1.6061
1.20729
-0.769353
-0.284465
-0.0329041
1.57845
-0.0900748
-1.09838
0.318865
1.29783
0.606809
-0.0226818
-1.64762
-1.17144
0.460934
1.20101
-2.25734
-1.55812
-0.538156
-0.436124
-0.565483
0.465238
0.757271
-0.495126
1.08852
0.275835
-1.04466
-0.284207
-1.51807
-0.119301
-2.48255
0.0291088
-0.914169
1.40113
-0.0765617
0.914051
-1.87568
0.733402
2.20492
-1.28645
0.63718
-0.691337
1.8467
-2.22379
-0.403249
0.0428429
-0.947403
0.600394
0.0250582
-0.658022
1.39431
-0.421834
-0.0154499
0.807944
-0.942726
-0.217649
0.472362
-1.4793
-1.70521
1.44394
0.242197
-0.560417
1.05108
2.14779
0.169174
-0.282571
0.36264
-1.37875
0.816056
0.0486633
1.41376
-0.733657
0.21045
0.581161
0.56329
-0.451848
-0.40872
0.684781
-1.96893
0.917875
-0.353398
-0.623332
-1.40866
-1.31012
-0.360543
0.737703
-1.84604
-0.1286
-0.276575
0.496609
0.772874
1.21111
-0.0824196
0.793827
0.275539
-1.54312
0.783772
-1.90735
-0.700651
-1.23388
-0.15615
1.40333
-1.08391
-0.331108
2.33782
-0.0870278
1.51279
-1.13123
0.538832
0.0272678
-1.42849
1.44581
-2.04364
0.158221
-0.890602
-3.12248
0.152173
-0.458194
1.63431
-1.0295
1.65796
-0.753209
0.27348
0.302882
0.44678
-0.0297893
-0.152394
1.26923
-0.548492
-1.37119
-0.607287
0.202009
0.844132
-0.828846
-0.541803
-1.48258
-2.29665
-2.10789
-1.74261
0.253232
0.991887
-1.25349
1.27968
0.636858
-0.427797
0.840663
-1.19524
1.22769
-2.56833
0.711176
-0.243939
-0.0268162
-0.346232
-0.526477
1.66742
-2.33654
-0.161382
0.253766
0.715611
1.18506
1.45363
0.110885
-0.572075
0.355109
-0.279981
-0.768306
-0.563935
-1.49126
-0.267012
0.231782
-1.12308
1.48304
0.171781
1.13585
1.25547
-1.03635
-0.156838
