pgnorm200
0 200
0.747746
-1.67509
-1.36479
0.301967
1.26017
0.0753749
-0.220853
0.365893
-0.292044
-0.34281
-1.21952
-0.391927
1.1259
-0.812383
-0.13239
-0.1921
-0.145897
-1.66037
0.45817
-0.0491963
0.496565
-0.192965
-0.867261
0.249513
0.0239769
-1.50859
-0.55492
0.765792
0.0394891
1.23501
1.08331
-1.10497
-0.207075
1.12237
1.24173
-2.36936
0.354996
-1.50931
-1.75292
-0.8668
0.503074
-0.858799
-1.26881
0.0417352
1.27454
1.00204
-0.930394
-0.120793
1.00678
-1.68197
-1.16267
0.000672545
-0.602364
1.31429
-1.14902
0.169931
-0.294483
0.641198
-2.27889
2.32691
-0.119189
0.863217
1.42983
-1.11805
0.465166
0.501075
1.75938
0.713483
0.14057
-0.598418
1.70797
1.51478
-0.103482
-1.10966
-0.935818
1.48412
0.0923315
0.186143
-0.335144
0.853024
0.572073
-1.1422
-0.374104
-1.27587
0.400099
-0.118551
-0.704726
0.256515
0.766985
0.56841
0.396186
0.179865
1.90449
-1.00943
0.0402741
-1.12206
-0.0540911
-0.347494
1.1581
-0.523413
0.935835
1.18785
1.57123
-0.0254545
-0.856556
0.25202
-0.929694
0.714861
0.800241
-0.104674
0.60211
0.755894
-0.627851
-0.599959
-0.56369
-0.733966
0.112269
0.737902
-0.450031
-0.442251
-0.530994
-0.0760097
0.344291
0.450315
-0.0538383
-1.5924
-1.33012
-2.38869
0.188988
-0.115334
1.49106
1.28404
-1.24556
-0.869229
-1.11695
-0.743088
-0.0187941
0.652709
1.67988
0.849106
-1.43525
0.804999
-0.185975
-1.3839
0.641324
-2.62444
1.05045
0.656503
1.05257
2.6596
0.601711
-1.31095
-0.766452
0.37005
-0.837039
0.27399
0.491951
0.292036
-0.62714
-0.800867
0.228514
1.00136
1.56052
1.34274
-0.474626
0.572188
0.770464
0.26419
-0.551516
-0.212895
-0.794168
-0.189426
0.440234
1.15964
-0.448418
-0.676483
0.136479
-0.211491
1.62323
0.327831
-1.66322
0.342901
-0.265173
0.31653
0.917156
-0.301947
-0.0254695
-0.0918932
0.53575
1.12888
1.46603
-0.74035
-0.978162
-1.1555
2.1879
-0.333344
0.759121
-0.152976
-0.512737
-0.390875
